{"producer":{"name":"Blender","version":"2.78 (sub 0)","exporter_version":"5.2.0","file":"spiderbot.babylon"},
"autoClear":true,"clearColor":[0.0122,0.0122,0.0122],"ambientColor":[0,0,0],"gravity":[0,-9.81,0],
"materials":[{"name":"spiderbot.GRIS","id":"spiderbot.GRIS","ambient":[1,1,1],"diffuse":[1,1,1],"specular":[0,0,0],"emissive":[0,0,0],"specularPower":10,"alpha":1,"backFaceCulling":true,"checkReadyOnlyOnce":false,"maxSimultaneousLights":4},
{"name":"spiderbot.AM","id":"spiderbot.AM","ambient":[1,1,1],"diffuse":[1,1,1],"specular":[0,0,0],"emissive":[0.36,0.36,0.36],"specularPower":10,"alpha":1,"backFaceCulling":true,"checkReadyOnlyOnce":false,"maxSimultaneousLights":4},
{"name":"spiderbot.LED","id":"spiderbot.LED","ambient":[0,0,0],"diffuse":[1,0,0],"specular":[0,0,0],"emissive":[0.844,0,0],"specularPower":10,"alpha":1,"backFaceCulling":true,"checkReadyOnlyOnce":false,"maxSimultaneousLights":4},
{"name":"spiderbot.G2","id":"spiderbot.G2","ambient":[0.5102,0.5102,0.5102],"diffuse":[0.5102,0.5102,0.5102],"specular":[0,0,0],"emissive":[0,0,0],"specularPower":10,"alpha":1,"backFaceCulling":true,"checkReadyOnlyOnce":false,"maxSimultaneousLights":4}],
"multiMaterials":[{"name":"spiderbot.Multimaterial#0","id":"spiderbot.Multimaterial#0","materials":["spiderbot.GRIS","spiderbot.AM","spiderbot.LED","spiderbot.G2"]}],
"skeletons":[{"name":"spiderbot armature","id":0,"dimensionsAtRest":[2.4271,1.6449,2.9593],"bones":[
{"name":"Bone","index":0,"matrix":[0.0614,-0.9902,-0.1252,0,0.9966,0.0678,-0.0474,0,-0.0554,0.1219,-0.991,0,0,1.6166,0,1],"rest":[0.0175,-0.9992,-0.0349,0,0.9998,0.0174,0.0006,0,0,0.0349,-0.9994,0,0,1.6166,0,1],"parentBoneIndex":-1,"length":1.0437
,"animation":{"dataType":3,"framePerSecond":24,"keys":[
{"frame":0,"values":[0.0103,-0.9993,0.0367,0,0.9979,0.0126,0.0633,0,0.0637,-0.036,-0.9973,0,0,1.6166,0,1]},
{"frame":1,"values":[0.0617,-0.9962,0.0612,0,0.9971,0.0642,0.0402,0,0.044,-0.0586,-0.9973,0,0,1.6166,0,1]},
{"frame":2,"values":[0.1149,-0.9899,0.0832,0,0.9934,0.1144,-0.0103,0,-0.0007,-0.0838,-0.9965,0,0,1.6166,0,1]},
{"frame":3,"values":[0.0785,-0.9953,0.0576,0,0.9944,0.074,-0.0755,0,-0.0709,-0.0632,-0.9955,0,0,1.6166,0,1]},
{"frame":4,"values":[0.033,-0.9994,0.0066,0,0.9928,0.032,-0.1153,0,-0.115,-0.0104,-0.9933,0,0,1.6166,0,1]},
{"frame":5,"values":[0.0235,-0.9979,-0.0609,0,0.9931,0.0303,-0.1135,0,-0.1151,0.0579,-0.9917,0,0,1.6166,0,1]},
{"frame":6,"values":[0.0202,-0.9936,-0.1114,0,0.9942,0.0317,-0.1026,0,-0.1055,0.1086,-0.9885,0,0,1.6166,0,1]},
{"frame":7,"values":[0.0614,-0.9902,-0.1252,0,0.9966,0.0678,-0.0474,0,-0.0554,0.1219,-0.991,0,0,1.6166,0,1]},
{"frame":8,"values":[0.104,-0.9867,-0.125,0,0.9945,0.1019,0.0228,0,0.0097,0.1267,-0.9919,0,0,1.6166,0,1]},
{"frame":9,"values":[0.063,-0.9967,-0.0514,0,0.9968,0.0603,0.0522,0,0.0489,0.0545,-0.9973,0,0,1.6166,0,1]},
{"frame":10,"values":[0.0198,-0.9996,0.0211,0,0.9979,0.021,0.0605,0,0.061,-0.0199,-0.9979,0,0,1.6166,0,1]}],"loopBehavior":1,"name":"anim","property":"_matrix"}},
{"name":"Bone.003","index":1,"matrix":[-0.9989,-0.025,-0.04,0,-0.039,-0.0409,0.9984,0,-0.0266,0.9989,0.0398,0,0,1.0437,0,1],"rest":[-1,-0.0008,-0.0004,0,-0.0004,-0.0232,0.9997,0,-0.0008,0.9998,0.0232,0,0,1.0437,0,1],"parentBoneIndex":0,"length":1.2013
,"animation":{"dataType":3,"framePerSecond":24,"keys":[
{"frame":0,"values":[-0.9756,-0.1995,0.0912,0,0.0592,0.1607,0.9852,0,-0.2112,0.9666,-0.1449,0,0,1.0437,0,1]},
{"frame":1,"values":[-0.9795,-0.1836,0.0834,0,0.0575,0.1422,0.9882,0,-0.1933,0.9727,-0.1287,0,0,1.0437,0,1]},
{"frame":2,"values":[-0.9877,-0.1412,0.0669,0,0.0539,0.094,0.9941,0,-0.1467,0.9855,-0.0852,0,0,1.0437,0,1]},
{"frame":3,"values":[-0.996,-0.0722,0.0533,0,0.052,0.0204,0.9984,0,-0.0732,0.9972,-0.0165,0,0,1.0437,0,1]},
{"frame":4,"values":[-0.9991,-0.0158,0.0384,0,0.039,-0.0421,0.9983,0,-0.0142,0.999,0.0427,0,0,1.0437,0,1]},
{"frame":5,"values":[-0.9999,0.0012,0.0118,0,0.0117,-0.0636,0.9979,0,0.0019,0.998,0.0636,0,0,1.0437,0,1]},
{"frame":6,"values":[-0.9999,0.0048,-0.0166,0,-0.0169,-0.0666,0.9976,0,0.0037,0.9978,0.0667,0,0,1.0437,0,1]},
{"frame":7,"values":[-0.9989,-0.025,-0.04,0,-0.039,-0.0409,0.9984,0,-0.0266,0.9989,0.0398,0,0,1.0437,0,1]},
{"frame":8,"values":[-0.9951,-0.0857,-0.0491,0,-0.0505,0.0145,0.9986,0,-0.0849,0.9962,-0.0187,0,0,1.0437,0,1]},
{"frame":9,"values":[-0.9878,-0.1553,0.0141,0,-0.0007,0.0953,0.9954,0,-0.1559,0.9833,-0.0942,0,0,1.0437,0,1]},
{"frame":10,"values":[-0.9785,-0.1913,0.0772,0,0.049,0.1481,0.9878,0,-0.2004,0.9703,-0.1355,0,0,1.0437,0,1]}],"loopBehavior":1,"name":"anim","property":"_matrix"}},
{"name":"Bone.010","index":2,"matrix":[0.4839,0.8751,-0.0048,0,-0.875,0.484,0.015,0,0.0154,-0.003,0.9999,0,0,1.2013,0,1],"rest":[0.4603,0.8877,0.0116,0,-0.8877,0.4604,-0.0055,0,-0.0102,-0.0078,0.9999,0,0,1.2013,0,1],"parentBoneIndex":1,"length":0.6434
,"animation":{"dataType":3,"framePerSecond":24,"keys":[
{"frame":0,"values":[0.6009,0.7926,-0.1035,0,-0.7755,0.6094,0.165,0,0.1939,-0.0189,0.9808,0,0,1.2013,0,1]},
{"frame":1,"values":[0.5939,0.799,-0.0936,0,-0.7848,0.601,0.1512,0,0.177,-0.0164,0.9841,0,0,1.2013,0,1]},
{"frame":2,"values":[0.5768,0.814,-0.0683,0,-0.8061,0.5807,0.1142,0,0.1326,-0.0108,0.9911,0,0,1.2013,0,1]},
{"frame":3,"values":[0.554,0.832,-0.0308,0,-0.8302,0.5548,0.0542,0,0.0622,-0.0044,0.9981,0,0,1.2013,0,1]},
{"frame":4,"values":[0.5264,0.8502,-0.0013,0,-0.8502,0.5264,0.0049,0,0.0049,-0.0015,1,0,0,1.2013,0,1]},
{"frame":5,"values":[0.498,0.8671,0.0074,0,-0.8671,0.4981,-0.0094,0,-0.0118,-0.0017,0.9999,0,0,1.2013,0,1]},
{"frame":6,"values":[0.4839,0.8751,0.0085,0,-0.875,0.484,-0.0115,0,-0.0142,-0.0018,0.9999,0,0,1.2013,0,1]},
{"frame":7,"values":[0.4839,0.8751,-0.0048,0,-0.875,0.484,0.015,0,0.0154,-0.003,0.9999,0,0,1.2013,0,1]},
{"frame":8,"values":[0.4834,0.8748,-0.032,0,-0.8723,0.4844,0.0671,0,0.0742,-0.0045,0.9972,0,0,1.2013,0,1]},
{"frame":9,"values":[0.5383,0.8398,-0.0704,0,-0.8304,0.5428,0.1262,0,0.1442,-0.0094,0.9895,0,0,1.2013,0,1]},
{"frame":10,"values":[0.5902,0.8014,-0.097,0,-0.7859,0.5979,0.1577,0,0.1844,-0.0168,0.9827,0,0,1.2013,0,1]}],"loopBehavior":1,"name":"anim","property":"_matrix"}},
{"name":"Bone.012","index":3,"matrix":[0.7298,0.6836,-0.0052,0,-0.6836,0.7298,0.0089,0,0.0099,-0.003,0.9999,0,0,0.6434,0,1],"rest":[0.7186,0.6954,-0.0049,0,-0.6954,0.7185,-0.0121,0,-0.0049,0.0121,0.9999,0,0,0.6434,0,1],"parentBoneIndex":2,"length":1.0346
,"animation":{"dataType":3,"framePerSecond":24,"keys":[
{"frame":0,"values":[0.8304,0.5569,-0.0181,0,-0.5511,0.8257,0.1206,0,0.0821,-0.0902,0.9925,0,0,0.6434,0,1]},
{"frame":1,"values":[0.8243,0.5659,-0.0164,0,-0.5611,0.8204,0.11,0,0.0756,-0.0815,0.9938,0,0,0.6434,0,1]},
{"frame":2,"values":[0.8095,0.587,-0.0126,0,-0.5842,0.8075,0.0819,0,0.0582,-0.0589,0.9966,0,0,0.6434,0,1]},
{"frame":3,"values":[0.7909,0.6118,-0.0084,0,-0.6112,0.7906,0.0373,0,0.0295,-0.0244,0.9993,0,0,0.6434,0,1]},
{"frame":4,"values":[0.7697,0.6383,-0.006,0,-0.6383,0.7697,0.0015,0,0.0055,0.0027,1,0,0,0.6434,0,1]},
{"frame":5,"values":[0.747,0.6648,-0.0053,0,-0.6648,0.7469,-0.0086,0,-0.0018,0.01,0.9999,0,0,0.6434,0,1]},
{"frame":6,"values":[0.7329,0.6804,-0.0051,0,-0.6804,0.7328,-0.01,0,-0.0031,0.0108,0.9999,0,0,0.6434,0,1]},
{"frame":7,"values":[0.7298,0.6836,-0.0052,0,-0.6836,0.7298,0.0089,0,0.0099,-0.003,0.9999,0,0,0.6434,0,1]},
{"frame":8,"values":[0.7294,0.6841,-0.0055,0,-0.6832,0.7288,0.0463,0,0.0357,-0.0301,0.9989,0,0,0.6434,0,1]},
{"frame":9,"values":[0.7776,0.6287,-0.0101,0,-0.6255,0.775,0.09,0,0.0644,-0.0637,0.9959,0,0,0.6434,0,1]},
{"frame":10,"values":[0.8215,0.57,-0.0164,0,-0.5647,0.8173,0.1148,0,0.0788,-0.085,0.9933,0,0,0.6434,0,1]}],"loopBehavior":1,"name":"anim","property":"_matrix"}},
{"name":"Bone.004","index":4,"matrix":[-0.9936,-0.1001,-0.0524,0,0.0426,0.098,-0.9943,0,0.1046,-0.9901,-0.0931,0,0,1.0437,0,1],"rest":[-0.9994,0.0349,-0.0003,0,-0.0003,-0.0156,-0.9999,0,-0.0349,-0.9993,0.0156,0,0,1.0437,0,1],"parentBoneIndex":0,"length":1.1918
,"animation":{"dataType":3,"framePerSecond":24,"keys":[
{"frame":0,"values":[-0.9994,0.0349,-0.0003,0,-0.0003,-0.0156,-0.9999,0,-0.0349,-0.9993,0.0156,0,0,1.0437,0,1]},
{"frame":1,"values":[-0.999,0.0321,0.0326,0,-0.033,-0.0133,-0.9994,0,-0.0316,-0.9994,0.0144,0,0,1.0437,0,1]},
{"frame":2,"values":[-0.9978,0.0092,0.0656,0,-0.0657,-0.0045,-0.9978,0,-0.0089,-0.9999,0.005,0,0,1.0437,0,1]},
{"frame":3,"values":[-0.9976,-0.0585,0.0357,0,-0.0382,0.0421,-0.9984,0,0.0569,-0.9974,-0.0442,0,0,1.0437,0,1]},
{"frame":4,"values":[-0.9929,-0.1176,-0.0149,0,0.003,0.1004,-0.9949,0,0.1185,-0.988,-0.0994,0,0,1.0437,0,1]},
{"frame":5,"values":[-0.9902,-0.1316,-0.0469,0,0.0309,0.1213,-0.9921,0,0.1363,-0.9839,-0.116,0,0,1.0437,0,1]},
{"frame":6,"values":[-0.9893,-0.1331,-0.0601,0,0.0434,0.1247,-0.9912,0,0.1394,-0.9832,-0.1176,0,0,1.0437,0,1]},
{"frame":7,"values":[-0.9936,-0.1001,-0.0524,0,0.0426,0.098,-0.9943,0,0.1046,-0.9901,-0.0931,0,0,1.0437,0,1]},
{"frame":8,"values":[-0.9984,-0.0431,-0.0372,0,0.035,0.0513,-0.9981,0,0.0449,-0.9978,-0.0497,0,0,1.0437,0,1]},
{"frame":9,"values":[-0.9999,0.0047,-0.016,0,0.0161,0.0103,-0.9998,0,-0.0045,-0.9999,-0.0103,0,0,1.0437,0,1]},
{"frame":10,"values":[-0.9996,0.0289,-0.0033,0,0.003,-0.0106,-0.9999,0,-0.029,-0.9995,0.0105,0,0,1.0437,0,1]}],"loopBehavior":1,"name":"anim","property":"_matrix"}},
{"name":"Bone.006","index":5,"matrix":[-0.5493,-0.8341,-0.0504,0,-0.8235,0.5505,-0.1373,0,0.1422,-0.0339,-0.9893,0,0,1.1918,0,1],"rest":[-0.4668,-0.8841,0.0231,0,-0.8843,0.4664,-0.0227,0,0.0093,-0.0311,-0.9995,0,0,1.1918,0,1],"parentBoneIndex":4,"length":0.5789
,"animation":{"dataType":3,"framePerSecond":24,"keys":[
{"frame":0,"values":[-0.4668,-0.8841,0.0231,0,-0.8843,0.4664,-0.0227,0,0.0093,-0.0311,-0.9995,0,0,1.1918,0,1]},
{"frame":1,"values":[-0.452,-0.8917,0.0226,0,-0.8919,0.4515,-0.0254,0,0.0125,-0.0316,-0.9994,0,0,1.1918,0,1]},
{"frame":2,"values":[-0.437,-0.8993,0.0165,0,-0.8988,0.4359,-0.0466,0,0.0347,-0.0352,-0.9988,0,0,1.1918,0,1]},
{"frame":3,"values":[-0.4721,-0.8814,-0.0152,0,-0.876,0.4709,-0.1044,0,0.0992,-0.036,-0.9944,0,0,1.1918,0,1]},
{"frame":4,"values":[-0.5234,-0.8504,-0.0533,0,-0.8374,0.525,-0.1523,0,0.1575,-0.0351,-0.9869,0,0,1.1918,0,1]},
{"frame":5,"values":[-0.5516,-0.8315,-0.0665,0,-0.816,0.5544,-0.1635,0,0.1729,-0.0359,-0.9843,0,0,1.1918,0,1]},
{"frame":6,"values":[-0.5619,-0.8243,-0.0692,0,-0.8085,0.565,-0.1649,0,0.175,-0.0367,-0.9839,0,0,1.1918,0,1]},
{"frame":7,"values":[-0.5493,-0.8341,-0.0504,0,-0.8235,0.5505,-0.1373,0,0.1422,-0.0339,-0.9893,0,0,1.1918,0,1]},
{"frame":8,"values":[-0.5227,-0.8523,-0.0188,0,-0.8482,0.5221,-0.0891,0,0.0858,-0.0307,-0.9958,0,0,1.1918,0,1]},
{"frame":9,"values":[-0.4906,-0.8714,0.0073,0,-0.8706,0.4897,-0.0485,0,0.0387,-0.0302,-0.9988,0,0,1.1918,0,1]},
{"frame":10,"values":[-0.4715,-0.8817,0.0201,0,-0.8818,0.4709,-0.0278,0,0.0151,-0.0308,-0.9994,0,0,1.1918,0,1]}],"loopBehavior":1,"name":"anim","property":"_matrix"}},
{"name":"Bone.008","index":6,"matrix":[0.7937,-0.6083,0.0018,0,0.6049,0.7896,0.103,0,-0.064,-0.0807,0.9947,0,0,0.5789,0,1],"rest":[0.7266,-0.6871,-0.0048,0,0.6871,0.7265,0.012,0,-0.0048,-0.012,0.9999,0,0,0.5789,0,1],"parentBoneIndex":5,"length":1.073
,"animation":{"dataType":3,"framePerSecond":24,"keys":[
{"frame":0,"values":[0.7266,-0.6871,-0.0048,0,0.6871,0.7265,0.012,0,-0.0048,-0.012,0.9999,0,0,0.5789,0,1]},
{"frame":1,"values":[0.6778,-0.7352,-0.0074,0,0.7352,0.6777,0.0122,0,-0.004,-0.0137,0.9999,0,0,0.5789,0,1]},
{"frame":2,"values":[0.6259,-0.7799,-0.0102,0,0.7799,0.6257,0.0161,0,-0.0062,-0.0181,0.9998,0,0,0.5789,0,1]},
{"frame":3,"values":[0.6757,-0.7371,-0.0098,0,0.7364,0.6743,0.0542,0,-0.0334,-0.0438,0.9985,0,0,0.5789,0,1]},
{"frame":4,"values":[0.7482,-0.6634,-0.0042,0,0.6602,0.7439,0.1043,0,-0.0661,-0.0808,0.9945,0,0,0.5789,0,1]},
{"frame":5,"values":[0.7889,-0.6145,0.0012,0,0.6097,0.783,0.123,0,-0.0765,-0.0963,0.9924,0,0,0.5789,0,1]},
{"frame":6,"values":[0.8046,-0.5938,0.0038,0,0.5887,0.7985,0.1258,0,-0.0777,-0.099,0.992,0,0,0.5789,0,1]},
{"frame":7,"values":[0.7937,-0.6083,0.0018,0,0.6049,0.7896,0.103,0,-0.064,-0.0807,0.9947,0,0,0.5789,0,1]},
{"frame":8,"values":[0.7719,-0.6358,-0.0015,0,0.6346,0.7702,0.064,0,-0.0396,-0.0504,0.9979,0,0,0.5789,0,1]},
{"frame":9,"values":[0.7458,-0.6661,-0.0038,0,0.6659,0.7454,0.0319,0,-0.0185,-0.0263,0.9995,0,0,0.5789,0,1]},
{"frame":10,"values":[0.7304,-0.6831,-0.0046,0,0.683,0.7302,0.0159,0,-0.0075,-0.0148,0.9999,0,0,0.5789,0,1]}],"loopBehavior":1,"name":"anim","property":"_matrix"}},
{"name":"Bone.013","index":7,"matrix":[-1,0.0013,0.0066,0,0.0066,0.3763,0.9265,0,-0.0013,0.9265,-0.3763,0,0,1.0437,0,1],"rest":[-1,0.0013,0.0066,0,0.0066,0.3763,0.9265,0,-0.0013,0.9265,-0.3763,0,0,1.0437,0,1],"parentBoneIndex":0,"length":0.4466
,"animation":{"dataType":3,"framePerSecond":24,"keys":[
{"frame":0,"values":[-1,0.0013,0.0066,0,0.0066,0.3763,0.9265,0,-0.0013,0.9265,-0.3763,0,0,1.0437,0,1]},
{"frame":10,"values":[-1,0.0013,0.0066,0,0.0066,0.3763,0.9265,0,-0.0013,0.9265,-0.3763,0,0,1.0437,0,1]}],"loopBehavior":1,"name":"anim","property":"_matrix"}},
{"name":"Bone.014","index":8,"matrix":[0.9998,0.0163,0.0113,0,-0.0163,0.3501,0.9366,0,0.0113,-0.9366,0.3503,0,0,0.4466,0,1],"rest":[0.9998,0.0163,0.0113,0,-0.0163,0.3501,0.9366,0,0.0113,-0.9366,0.3503,0,0,0.4466,0,1],"parentBoneIndex":7,"length":0.9184
,"animation":{"dataType":3,"framePerSecond":24,"keys":[
{"frame":0,"values":[0.9998,0.0163,0.0113,0,-0.0163,0.3501,0.9366,0,0.0113,-0.9366,0.3503,0,0,0.4466,0,1]},
{"frame":10,"values":[0.9998,0.0163,0.0113,0,-0.0163,0.3501,0.9366,0,0.0113,-0.9366,0.3503,0,0,0.4466,0,1]}],"loopBehavior":1,"name":"anim","property":"_matrix"}},
{"name":"Bone.015","index":9,"matrix":[0.9999,0.0116,0.0044,0,-0.0116,0.7495,0.6619,0,0.0044,-0.6619,0.7495,0,0,0.9184,0,1],"rest":[0.9999,0.0116,0.0044,0,-0.0116,0.7495,0.6619,0,0.0044,-0.6619,0.7495,0,0,0.9184,0,1],"parentBoneIndex":8,"length":0.4071
,"animation":{"dataType":3,"framePerSecond":24,"keys":[
{"frame":0,"values":[0.9999,0.0116,0.0044,0,-0.0116,0.7495,0.6619,0,0.0044,-0.6619,0.7495,0,0,0.9184,0,1]},
{"frame":10,"values":[0.9999,0.0116,0.0044,0,-0.0116,0.7495,0.6619,0,0.0044,-0.6619,0.7495,0,0,0.9184,0,1]}],"loopBehavior":1,"name":"anim","property":"_matrix"}},
{"name":"Bone.016","index":10,"matrix":[-0.9994,0.0316,0.0102,0,0.0102,0.5842,-0.8115,0,-0.0316,-0.811,-0.5842,0,0,1.0437,0,1],"rest":[-0.9994,0.0316,0.0102,0,0.0102,0.5842,-0.8115,0,-0.0316,-0.811,-0.5842,0,0,1.0437,0,1],"parentBoneIndex":0,"length":0.3983
,"animation":{"dataType":3,"framePerSecond":24,"keys":[
{"frame":0,"values":[-0.9994,0.0316,0.0102,0,0.0102,0.5842,-0.8115,0,-0.0316,-0.811,-0.5842,0,0,1.0437,0,1]},
{"frame":10,"values":[-0.9994,0.0316,0.0102,0,0.0102,0.5842,-0.8115,0,-0.0316,-0.811,-0.5842,0,0,1.0437,0,1]}],"loopBehavior":1,"name":"anim","property":"_matrix"}},
{"name":"Bone.017","index":11,"matrix":[0.9999,-0.014,0.007,0,0.014,0.5962,-0.8027,0,0.007,0.8027,0.5963,0,0,0.3983,0,1],"rest":[0.9999,-0.014,0.007,0,0.014,0.5962,-0.8027,0,0.007,0.8027,0.5963,0,0,0.3983,0,1],"parentBoneIndex":10,"length":0.8793
,"animation":{"dataType":3,"framePerSecond":24,"keys":[
{"frame":0,"values":[0.9999,-0.014,0.007,0,0.014,0.5962,-0.8027,0,0.007,0.8027,0.5963,0,0,0.3983,0,1]},
{"frame":10,"values":[0.9999,-0.014,0.007,0,0.014,0.5962,-0.8027,0,0.007,0.8027,0.5963,0,0,0.3983,0,1]}],"loopBehavior":1,"name":"anim","property":"_matrix"}},
{"name":"Bone.018","index":12,"matrix":[0.9999,-0.0127,0.0055,0,0.0127,0.687,-0.7265,0,0.0055,0.7265,0.6871,0,0,0.8793,0,1],"rest":[0.9999,-0.0127,0.0055,0,0.0127,0.687,-0.7265,0,0.0055,0.7265,0.6871,0,0,0.8793,0,1],"parentBoneIndex":11,"length":0.3429
,"animation":{"dataType":3,"framePerSecond":24,"keys":[
{"frame":0,"values":[0.9999,-0.0127,0.0055,0,0.0127,0.687,-0.7265,0,0.0055,0.7265,0.6871,0,0,0.8793,0,1]},
{"frame":10,"values":[0.9999,-0.0127,0.0055,0,0.0127,0.687,-0.7265,0,0.0055,0.7265,0.6871,0,0,0.8793,0,1]}],"loopBehavior":1,"name":"anim","property":"_matrix"}},
{"name":"Bone.001","index":13,"matrix":[0.1714,0.9778,-0.1206,0,-0.0467,0.1304,0.9904,0,-0.9841,0.1642,-0.068,0,0,1.6166,0,1],"rest":[0.0169,0.9997,0.0181,0,0.0312,-0.0186,0.9993,0,-0.9994,0.0164,0.0315,0,0,1.6166,0,1],"parentBoneIndex":-1,"length":1.1955
,"animation":{"dataType":3,"framePerSecond":24,"keys":[
{"frame":0,"values":[0.0169,0.9997,0.0181,0,0.0312,-0.0186,0.9993,0,-0.9994,0.0164,0.0315,0,0,1.6166,0,1]},
{"frame":1,"values":[0.032,0.9991,0.0287,0,0.017,-0.0293,0.9994,0,-0.9993,0.0314,0.018,0,0,1.6166,0,1]},
{"frame":2,"values":[0.0704,0.9959,0.0575,0,-0.0205,-0.0562,0.9982,0,-0.9973,0.0714,-0.0165,0,0,1.6166,0,1]},
{"frame":3,"values":[0.1277,0.9857,0.11,0,-0.0874,-0.0993,0.9912,0,-0.988,0.1362,-0.0735,0,0,1.6166,0,1]},
{"frame":4,"values":[0.1724,0.9742,0.1456,0,-0.132,-0.1236,0.9835,0,-0.9761,0.1888,-0.1073,0,0,1.6166,0,1]},
{"frame":5,"values":[0.1884,0.9754,0.1146,0,-0.1282,-0.0912,0.9875,0,-0.9737,0.2007,-0.1078,0,0,1.6166,0,1]},
{"frame":6,"values":[0.1946,0.9804,0.0304,0,-0.1107,-0.0089,0.9938,0,-0.9746,0.1967,-0.1068,0,0,1.6166,0,1]},
{"frame":7,"values":[0.1714,0.9778,-0.1206,0,-0.0467,0.1304,0.9904,0,-0.9841,0.1642,-0.068,0,0,1.6166,0,1]},
{"frame":8,"values":[0.1145,0.9692,-0.2179,0,0.0187,0.2172,0.9759,0,-0.9932,0.1159,-0.0067,0,0,1.6166,0,1]},
{"frame":9,"values":[0.0562,0.9921,-0.1126,0,0.0314,0.1109,0.9933,0,-0.9979,0.0594,0.025,0,0,1.6166,0,1]},
{"frame":10,"values":[0.0245,0.9997,-0.0052,0,0.0305,0.0044,0.9995,0,-0.9992,0.0247,0.0304,0,0,1.6166,0,1]}],"loopBehavior":1,"name":"anim","property":"_matrix"}},
{"name":"Bone.005","index":14,"matrix":[-0.4144,-0.9086,0.0527,0,-0.8994,0.4177,0.1285,0,-0.1387,0.0059,-0.9903,0,0,1.1955,0,1],"rest":[-0.4082,-0.9127,-0.0179,0,-0.9129,0.4083,-0.0027,0,0.0098,0.0152,-0.9998,0,0,1.1955,0,1],"parentBoneIndex":13,"length":0.5867
,"animation":{"dataType":3,"framePerSecond":24,"keys":[
{"frame":0,"values":[-0.4082,-0.9127,-0.0179,0,-0.9129,0.4083,-0.0027,0,0.0098,0.0152,-0.9998,0,0,1.1955,0,1]},
{"frame":1,"values":[-0.4161,-0.9093,-0.0103,0,-0.9093,0.416,0.0105,0,-0.0053,0.0137,-0.9999,0,0,1.1955,0,1]},
{"frame":2,"values":[-0.4362,-0.8998,0.0103,0,-0.8987,0.4362,0.0447,0,-0.0447,0.0103,-0.9989,0,0,1.1955,0,1]},
{"frame":3,"values":[-0.4687,-0.8822,0.0459,0,-0.8767,0.4709,0.0981,0,-0.1082,0.0057,-0.9941,0,0,1.1955,0,1]},
{"frame":4,"values":[-0.4874,-0.8702,0.0723,0,-0.859,0.4928,0.1387,0,-0.1563,0.0055,-0.9877,0,0,1.1955,0,1]},
{"frame":5,"values":[-0.4808,-0.8736,0.0753,0,-0.8608,0.4866,0.149,0,-0.1669,0.0068,-0.986,0,0,1.1955,0,1]},
{"frame":6,"values":[-0.4594,-0.8851,0.074,0,-0.8721,0.4653,0.1512,0,-0.1683,0.0049,-0.9857,0,0,1.1955,0,1]},
{"frame":7,"values":[-0.4144,-0.9086,0.0527,0,-0.8994,0.4177,0.1285,0,-0.1387,0.0059,-0.9903,0,0,1.1955,0,1]},
{"frame":8,"values":[-0.3849,-0.9227,0.0214,0,-0.9191,0.3853,0.0824,0,-0.0843,0.0121,-0.9964,0,0,1.1955,0,1]},
{"frame":9,"values":[-0.3961,-0.9182,-0.0026,0,-0.9178,0.3958,0.0321,0,-0.0285,0.0152,-0.9995,0,0,1.1955,0,1]},
{"frame":10,"values":[-0.4061,-0.9137,-0.0149,0,-0.9138,0.406,0.004,0,0.0024,0.0152,-0.9999,0,0,1.1955,0,1]}],"loopBehavior":1,"name":"anim","property":"_matrix"}},
{"name":"Bone.007","index":15,"matrix":[0.7466,-0.6653,-0.0035,0,0.6623,0.7437,-0.0912,0,0.0633,0.0657,0.9958,0,0,0.5867,0,1],"rest":[0.7588,-0.6513,-0.0042,0,0.6513,0.7587,0.0114,0,-0.0042,-0.0114,0.9999,0,0,0.5867,0,1],"parentBoneIndex":14,"length":1.073
,"animation":{"dataType":3,"framePerSecond":24,"keys":[
{"frame":0,"values":[0.7588,-0.6513,-0.0042,0,0.6513,0.7587,0.0114,0,-0.0042,-0.0114,0.9999,0,0,0.5867,0,1]},
{"frame":1,"values":[0.7653,-0.6436,-0.0046,0,0.6436,0.7653,0.0013,0,0.0027,-0.004,1,0,0,0.5867,0,1]},
{"frame":2,"values":[0.782,-0.6233,-0.006,0,0.623,0.7819,-0.0249,0,0.0202,0.0157,0.9997,0,0,0.5867,0,1]},
{"frame":3,"values":[0.8094,-0.5872,-0.01,0,0.5854,0.808,-0.0662,0,0.047,0.0478,0.9978,0,0,0.5867,0,1]},
{"frame":4,"values":[0.826,-0.5635,-0.0139,0,0.5596,0.8228,-0.0987,0,0.067,0.0738,0.995,0,0,0.5867,0,1]},
{"frame":5,"values":[0.8188,-0.5739,-0.0133,0,0.5694,0.815,-0.1074,0,0.0725,0.0804,0.9941,0,0,0.5867,0,1]},
{"frame":6,"values":[0.7959,-0.6054,-0.0101,0,0.6009,0.7918,-0.109,0,0.074,0.0807,0.994,0,0,0.5867,0,1]},
{"frame":7,"values":[0.7466,-0.6653,-0.0035,0,0.6623,0.7437,-0.0912,0,0.0633,0.0657,0.9958,0,0,0.5867,0,1]},
{"frame":8,"values":[0.7115,-0.7027,-0.0007,0,0.7016,0.7104,-0.056,0,0.0399,0.0393,0.9984,0,0,0.5867,0,1]},
{"frame":9,"values":[0.7333,-0.6799,-0.0031,0,0.6798,0.7332,-0.0166,0,0.0135,0.0101,0.9999,0,0,0.5867,0,1]},
{"frame":10,"values":[0.7544,-0.6565,-0.0041,0,0.6565,0.7543,0.006,0,-0.0008,-0.0072,1,0,0,0.5867,0,1]}],"loopBehavior":1,"name":"anim","property":"_matrix"}},
{"name":"Bone.002","index":16,"matrix":[0.0052,0.9995,-0.0317,0,0.0189,-0.0318,-0.9993,0,0.9998,-0.0046,0.0191,0,0,1.6166,0,1],"rest":[-0.0179,0.9987,0.0473,0,0.0311,0.0479,-0.9984,0,0.9994,0.0164,0.0319,0,0,1.6166,0,1],"parentBoneIndex":-1,"length":1.1989
,"animation":{"dataType":3,"framePerSecond":24,"keys":[
{"frame":0,"values":[0.1615,0.9833,-0.0836,0,-0.1604,-0.0574,-0.9854,0,0.9737,-0.1726,-0.1485,0,0,1.6166,0,1]},
{"frame":1,"values":[0.1685,0.9803,0.103,0,-0.1221,0.1244,-0.9847,0,0.9781,-0.1533,-0.1407,0,0,1.6166,0,1]},
{"frame":2,"values":[0.1382,0.947,0.29,0,-0.0556,0.2998,-0.9524,0,0.9888,-0.1155,-0.094,0,0,1.6166,0,1]},
{"frame":3,"values":[0.0451,0.9682,0.2461,0,0.0152,0.2456,-0.9692,0,0.9989,-0.0475,0.0036,0,0,1.6166,0,1]},
{"frame":4,"values":[-0.0276,0.9885,0.1488,0,0.0618,0.1503,-0.9867,0,0.9977,0.0181,0.0652,0,0,1.6166,0,1]},
{"frame":5,"values":[-0.0399,0.9978,0.0528,0,0.0644,0.0553,-0.9964,0,0.9971,0.0363,0.0664,0,0,1.6166,0,1]},
{"frame":6,"values":[-0.0389,0.9991,-0.0158,0,0.0664,-0.0131,-0.9977,0,0.997,0.0399,0.0658,0,0,1.6166,0,1]},
{"frame":7,"values":[0.0052,0.9995,-0.0317,0,0.0189,-0.0318,-0.9993,0,0.9998,-0.0046,0.0191,0,0,1.6166,0,1]},
{"frame":8,"values":[0.0771,0.9962,-0.0408,0,-0.0611,-0.0361,-0.9975,0,0.9951,-0.0794,-0.0581,0,0,1.6166,0,1]},
{"frame":9,"values":[0.1307,0.9893,-0.0653,0,-0.1232,-0.0492,-0.9912,0,0.9837,-0.1376,-0.1154,0,0,1.6166,0,1]},
{"frame":10,"values":[0.1555,0.9846,-0.0802,0,-0.1531,-0.0562,-0.9866,0,0.9759,-0.1657,-0.142,0,0,1.6166,0,1]}],"loopBehavior":1,"name":"anim","property":"_matrix"}},
{"name":"Bone.009","index":17,"matrix":[0.5106,0.8596,-0.0204,0,-0.8593,0.5092,-0.0485,0,-0.0313,0.0423,0.9986,0,0,1.1989,0,1],"rest":[0.4496,0.8924,-0.0372,0,-0.8932,0.4488,-0.0299,0,-0.01,0.0466,0.9989,0,0,1.1989,0,1],"parentBoneIndex":16,"length":0.6434
,"animation":{"dataType":3,"framePerSecond":24,"keys":[
{"frame":0,"values":[0.5343,0.8421,0.0734,0,-0.8217,0.5378,-0.1887,0,-0.1983,0.0405,0.9793,0,0,1.1989,0,1]},
{"frame":1,"values":[0.4187,0.9071,0.0441,0,-0.8882,0.4191,-0.1883,0,-0.1893,0.0397,0.9811,0,0,1.1989,0,1]},
{"frame":2,"values":[0.297,0.9549,0.0005,0,-0.9414,0.2929,-0.1675,0,-0.16,0.0493,0.9859,0,0,1.1989,0,1]},
{"frame":3,"values":[0.3273,0.9444,-0.0322,0,-0.9416,0.3231,-0.0949,0,-0.0793,0.0613,0.995,0,0,1.1989,0,1]},
{"frame":4,"values":[0.3835,0.9222,-0.0502,0,-0.9235,0.3827,-0.0251,0,-0.0039,0.0559,0.9984,0,0,1.1989,0,1]},
{"frame":5,"values":[0.446,0.8938,-0.0481,0,-0.895,0.446,-0.0097,0,0.0127,0.0473,0.9988,0,0,1.1989,0,1]},
{"frame":6,"values":[0.4956,0.8674,-0.0457,0,-0.8684,0.4957,-0.0094,0,0.0145,0.0444,0.9989,0,0,1.1989,0,1]},
{"frame":7,"values":[0.5106,0.8596,-0.0204,0,-0.8593,0.5092,-0.0485,0,-0.0313,0.0423,0.9986,0,0,1.1989,0,1]},
{"frame":8,"values":[0.5138,0.8576,0.0202,0,-0.8512,0.5126,-0.1122,0,-0.1066,0.0405,0.9935,0,0,1.1989,0,1]},
{"frame":9,"values":[0.5261,0.8487,0.0531,0,-0.8344,0.5273,-0.1605,0,-0.1642,0.0401,0.9856,0,0,1.1989,0,1]},
{"frame":10,"values":[0.533,0.8433,0.0694,0,-0.8241,0.536,-0.1831,0,-0.1916,0.0404,0.9806,0,0,1.1989,0,1]}],"loopBehavior":1,"name":"anim","property":"_matrix"}},
{"name":"Bone.011","index":18,"matrix":[0.7583,0.6519,-0.0026,0,-0.6517,0.758,-0.0265,0,-0.0153,0.0218,0.9996,0,0,0.6434,0,1],"rest":[0.7186,0.6954,-0.0049,0,-0.6954,0.7185,-0.0121,0,-0.0049,0.0121,0.9999,0,0,0.6434,0,1],"parentBoneIndex":17,"length":1.0346
,"animation":{"dataType":3,"framePerSecond":24,"keys":[
{"frame":0,"values":[0.801,0.5986,0.0097,0,-0.5924,0.7948,-0.1318,0,-0.0866,0.0998,0.9912,0,0,0.6434,0,1]},
{"frame":1,"values":[0.7964,0.6047,0.008,0,-0.5996,0.7913,-0.1201,0,-0.0789,0.0909,0.9927,0,0,0.6434,0,1]},
{"frame":2,"values":[0.7843,0.6204,0.0039,0,-0.6177,0.7813,-0.0894,0,-0.0585,0.0678,0.996,0,0,0.6434,0,1]},
{"frame":3,"values":[0.7629,0.6465,-0.0017,0,-0.646,0.7624,-0.0375,0,-0.023,0.0297,0.9993,0,0,0.6434,0,1]},
{"frame":4,"values":[0.7477,0.664,-0.0044,0,-0.6641,0.7477,-0.0017,0,0.0022,0.0042,1,0,0,0.6434,0,1]},
{"frame":5,"values":[0.7462,0.6657,-0.0046,0,-0.6657,0.7462,0.0017,0,0.0046,0.0019,1,0,0,0.6434,0,1]},
{"frame":6,"values":[0.746,0.6659,-0.0047,0,-0.6659,0.746,0.0021,0,0.0049,0.0015,1,0,0,0.6434,0,1]},
{"frame":7,"values":[0.7583,0.6519,-0.0026,0,-0.6517,0.758,-0.0265,0,-0.0153,0.0218,0.9996,0,0,0.6434,0,1]},
{"frame":8,"values":[0.778,0.6282,0.002,0,-0.6264,0.776,-0.074,0,-0.0481,0.0563,0.9973,0,0,0.6434,0,1]},
{"frame":9,"values":[0.7926,0.6097,0.0066,0,-0.6054,0.7882,-0.1103,0,-0.0724,0.0834,0.9939,0,0,0.6434,0,1]},
{"frame":10,"values":[0.7993,0.6008,0.0091,0,-0.595,0.7935,-0.1276,0,-0.0838,0.0966,0.9918,0,0,0.6434,0,1]}],"loopBehavior":1,"name":"anim","property":"_matrix"}}]
,"ranges":[{"name":"Action","from":0,"to":10}]}],
"meshes":[{"name":"spiderbot","id":"spiderbot","materialId":"spiderbot.Multimaterial#0","billboardMode":0,"position":[0,0,0],"rotation":[0,0,0],"scaling":[1,1,1],"isVisible":true,"freezeWorldMatrix":false,"isEnabled":true,"checkCollisions":false,"receiveShadows":false,"tags":"","skeletonId":0,"numBoneInfluencers":8
,"positions":[1.4042,1.4935,-0.9977,1.1352,2.0942,-1.0618,1.164,1.5616,-1.1421,0.4714,2.7463,0.0754,0.5209,1.2212,-0.0767,0.4917,2.8689,0.0482,0.5701,1.409,-0.9647,0.459,2.8023,-0.8703,0.478,1.3758,-0.9526,0.5651,1.3202,-1.103,0.5406,2.8225,-0.8564,0.5701,1.409,-0.9647,0.4714,2.7463,0.0754,0.5406,2.8225,-0.8564,0.561,2.7513,0.0802,0.6184,1.3603,-0.0798,0.4714,2.7463,0.0754
,0.561,2.7513,0.0802,0.6184,1.3603,-0.0798,0.478,1.3758,-0.9526,0.5212,1.3551,-0.0742,0.6237,1.2286,-0.0817,0.561,2.7513,0.0802,0.5485,2.8738,0.1032,0.6237,1.2286,-0.0817,0.6184,1.3603,-0.0798,0.5485,2.8738,0.1032,0.561,2.7513,0.0802,1.3995,2.1834,-0.4147,1.3257,2.9216,-0.8755,1.4042,1.4935,-0.9977,1.4042,1.4935,-0.9977,0.6237,1.2286,-0.0817,1.4661,1.2876,-0.1404
,0.5485,2.8738,0.1032,1.3257,2.9216,-0.8755,1.3368,2.9529,0.0912,1.396,2.2238,-0.3782,1.3476,2.7249,-0.3383,1.3681,2.6764,0.0479,1.4661,1.2876,-0.1404,1.3368,2.9529,0.0912,1.402,1.8836,-0.1723,1.4661,1.2876,-0.1404,1.4215,2.1348,-0.0286,1.3368,2.9529,0.0912,1.3681,2.6764,0.0479,1.7219,2.6878,-0.1975,1.396,2.2238,-0.3782,1.7589,2.2317,-0.2592,1.4171,2.1786,-0.0227
,1.3681,2.6764,0.0479,1.3742,2.6334,0.0408,1.4171,2.1786,-0.0227,1.3522,2.6798,-0.3135,1.3742,2.6334,0.0408,1.7319,2.6266,-0.1234,1.7589,2.2317,-0.2592,1.7611,2.2716,-0.1712,1.3742,2.6334,0.0408,1.7219,2.6878,-0.1975,1.7359,2.6605,0.0158,1.7589,2.2317,-0.2592,1.4171,2.1786,-0.0227,1.773,2.2045,-0.0455,1.6893,2.2667,-0.167,1.7319,2.6266,-0.1234,1.7611,2.2716,-0.1712
,1.773,2.2045,-0.0455,1.7698,2.2547,-0.0388,1.7359,2.6605,0.0158,1.74,2.6102,0.0087,1.6893,2.2667,-0.167,1.7698,2.2547,-0.0388,1.6981,2.2498,-0.0346,1.74,2.6102,0.0087,1.6603,2.621,-0.1188,1.6691,2.6041,0.0135,0.713,2.037,-1.0415,1.062,2.0126,-1.0692,0.802,1.6118,-1.1035,0.7378,1.4961,-1.1072,0.5651,1.3202,-1.103,0.5186,2.9711,-0.9531,1.3257,2.9216,-0.8755
,-0.1206,1.7648,-1.0615,0.1857,1.6934,-1.3392,0.1839,1.7751,-1.0602,1.062,2.0126,-1.0692,1.0762,1.6709,-1.2219,1.0839,1.6561,-1.1256,1.0839,1.6561,-1.1256,0.1775,1.3955,-1.1456,-0.0891,1.4267,-1.1672,-0.1301,1.3876,-1.1409,1.0762,1.6709,-1.2219,0.8255,1.6819,-1.221,0.7937,1.6295,-1.2004,1.0839,1.6561,-1.1256,0.7937,1.6295,-1.2004,0.802,1.6118,-1.1035,0.1773,1.4151,-1.0522
,-0.1301,1.3876,-1.1409,-0.1289,1.3995,-1.0463,0.7937,1.6295,-1.2004,0.781,1.9733,-1.0528,0.802,1.6118,-1.1035,0.781,1.9733,-1.0528,1.0398,2.0144,-1.3503,1.062,2.0126,-1.0692,-0.1206,1.7648,-1.0615,-0.1301,1.3876,-1.1409,-0.124,1.6981,-1.3367,0.1839,1.7751,-1.0602,0.1775,1.3955,-1.1456,0.1773,1.4151,-1.0522,1.0073,1.9676,-1.3315,1.0365,1.7481,-1.1548,1.0341,1.7148,-1.2369
,0.1386,1.4317,-1.17,0.1484,1.6966,-1.2385,0.1435,1.4683,-1.0952,0.7564,1.981,-1.3323,1.0073,1.9676,-1.3315,1.0398,2.0144,-1.3503,-0.124,1.6981,-1.3367,-0.0844,1.6568,-1.3119,0.1455,1.6517,-1.3141,0.1386,1.4317,-1.17,1.0341,1.7148,-1.2369,0.1857,1.6934,-1.3392,0.7979,1.9804,-1.2349,0.976,1.9499,-1.2291,1.0096,1.9989,-1.2486,0.8415,1.938,-1.2205,0.8247,1.7312,-1.1413
,0.8586,1.7798,-1.1611,0.1455,1.6517,-1.3141,-0.082,1.7039,-1.2361,0.1484,1.6966,-1.2385,0.8255,1.6819,-1.221,1.0365,1.7481,-1.1548,0.8247,1.7312,-1.1413,0.1386,1.4317,-1.17,-0.087,1.4741,-1.0927,-0.0891,1.4267,-1.1672,0.8247,1.7312,-1.1413,0.797,1.9442,-1.3179,0.8255,1.6819,-1.221,0.797,1.9442,-1.3179,1.0096,1.9989,-1.2486,1.0073,1.9676,-1.3315,-0.0844,1.6568,-1.3119
,-0.087,1.4741,-1.0927,-0.082,1.7039,-1.2361,-0.082,1.7039,-1.2361,-0.0443,1.5146,-1.1198,-0.041,1.6605,-1.2106,0.1435,1.4683,-1.0952,0.1054,1.6558,-1.2121,0.1022,1.5109,-1.1214,0.9932,1.7906,-1.1696,1.0365,1.7481,-1.1548,0.1484,1.6966,-1.2385,-0.087,1.4741,-1.0927,-0.1139,0.0778,-1.3665,0.0044,0.0507,-1.2279,0.0053,0.0707,-1.3668,1.1163,0.4217,-1.6116,1.0205,0.3721,-1.4705
,1.1298,0.3857,-1.4778,1.6079,1.8397,-0.2663,1.42,1.496,-0.2223,1.402,1.8836,-0.1723,1.3789,1.5954,-0.8341,1.42,1.496,-0.2223,1.6071,1.808,-0.3154,1.6198,1.58,-0.3,1.6079,1.8397,-0.2663,1.5937,1.6418,-0.71,1.42,1.496,-0.2223,1.6198,1.58,-0.3,1.3835,1.9239,-0.4838,1.6079,1.8397,-0.2663,1.402,1.8836,-0.1723,1.5937,1.6418,-0.71,1.3835,1.9239,-0.4838
,1.3789,1.5954,-0.8341,1.4376,1.7979,-0.3067,1.6155,1.6231,-0.3395,1.6071,1.808,-0.3154,1.5972,1.6659,-0.6314,1.5956,1.867,-0.4758,1.5937,1.6418,-0.71,1.6155,1.6231,-0.3395,1.4367,1.7633,-0.3597,1.4458,1.6122,-0.33,1.4376,1.7979,-0.3067,1.4288,1.6507,-0.6211,1.6155,1.6231,-0.3395,1.4458,1.6122,-0.33,1.6071,1.808,-0.3154,1.4293,1.8163,-0.456,1.4376,1.7979,-0.3067
,1.4293,1.8163,-0.456,1.5972,1.6659,-0.6314,1.4288,1.6507,-0.6211,1.4293,1.8163,-0.456,1.432,1.6795,-0.5369,1.4288,1.6507,-0.6211,1.4414,1.6586,-0.3728,2.0918,1.6994,-0.3997,2.0933,1.6998,-0.4831,2.344,2.0194,-0.2349,-0.212,2.8474,-0.9128,0.3176,2.8667,-0.8274,0.316,2.9862,-0.8436,-0.1896,2.986,-0.0399,0.316,2.9862,-0.8436,0.3242,2.9716,0.0151,0.3242,2.9716,0.0151
,0.3176,2.8667,-0.8274,0.3274,2.8442,0.0314,-0.1724,2.8601,-0.0474,-0.212,2.8474,-0.9128,-0.1896,2.986,-0.0399,1.6194,1.2794,0.6693,1.3288,1.8147,0.9816,1.4261,2.694,0.9946,0.4714,2.7463,0.0754,0.5209,1.2212,-0.0767,0.5212,1.3551,-0.0742,0.5356,1.2685,0.9113,0.6256,2.6688,0.973,0.6781,1.243,0.8904,0.6781,1.243,0.8904,0.6215,2.7694,1.1183,0.7274,1.0999,0.9874
,0.561,2.7513,0.0802,0.5383,2.6801,0.9569,0.4714,2.7463,0.0754,0.4714,2.7463,0.0754,0.6184,1.3603,-0.0798,0.561,2.7513,0.0802,0.5212,1.3551,-0.0742,0.6781,1.243,0.8904,0.6184,1.3603,-0.0798,0.561,2.7513,0.0802,0.6237,1.2286,-0.0817,0.5485,2.8738,0.1032,0.6237,1.2286,-0.0817,0.5485,2.8738,0.1032,0.6256,2.6688,0.973,0.561,2.7513,0.0802,1.4438,2.0897,0.3537
,1.4261,2.694,0.9946,1.3916,2.6266,0.4323,1.6194,1.2794,0.6693,0.6215,2.7694,1.1183,1.3959,2.5877,0.3952,1.438,2.1364,0.329,1.3681,2.6764,0.0479,1.4661,1.2876,-0.1404,1.4215,2.1348,-0.0286,1.4142,1.857,0.0486,1.4661,1.2876,-0.1404,1.4345,1.4715,-0.0029,1.3368,2.9529,0.0912,1.438,2.1364,0.329,1.7503,2.6336,0.2289,1.7864,2.179,0.167,1.3681,2.6764,0.0479
,1.4171,2.1786,-0.0227,1.3742,2.6334,0.0408,1.4215,2.1348,-0.0286,1.4171,2.1786,-0.0227,1.3681,2.6764,0.0479,1.7864,2.179,0.167,1.7493,2.5931,0.1408,1.778,2.2388,0.0929,1.7503,2.6336,0.2289,1.3959,2.5877,0.3952,1.7864,2.179,0.167,1.7068,2.2332,0.0976,1.7493,2.5931,0.1408,1.6787,2.5868,0.1457,1.7503,2.6336,0.2289,1.778,2.2388,0.0929,1.7068,2.2332,0.0976
,1.7493,2.5931,0.1408,0.9894,1.6662,1.0125,0.882,1.764,1.0346,0.9442,1.2295,0.9684,1.0342,1.3169,0.9605,0.7274,1.0999,0.9874,0.6215,2.7694,1.1183,0.1217,1.8637,1.3011,-0.1563,1.9309,0.9912,0.1657,1.8622,1.025,1.3672,1.3376,0.9945,1.2845,1.7103,0.9695,1.3433,1.359,0.9079,1.415,1.2838,0.8908,1.2845,1.7103,0.9695,-0.2268,1.5876,1.1199,0.0633,1.5705,1.1652
,0.1062,1.5152,1.1481,1.1053,1.3316,1.0669,1.3672,1.3376,0.9945,1.064,1.2921,1.0455,1.064,1.2921,1.0455,1.3433,1.359,0.9079,1.0342,1.3169,0.9605,-0.2139,1.5767,1.0266,0.1062,1.5152,1.1481,0.126,1.4977,1.0523,1.064,1.2921,1.0455,0.9894,1.6662,1.0125,1.0608,1.5605,1.2688,1.2845,1.7103,0.9695,1.0608,1.5605,1.2688,0.9894,1.6662,1.0125,-0.1563,1.9309,0.9912
,-0.2268,1.5876,1.1199,-0.2139,1.5767,1.0266,0.1062,1.5152,1.1481,0.1657,1.8622,1.025,0.126,1.4977,1.0523,1.3312,1.3654,1.0278,1.2955,1.6231,1.1346,1.3162,1.5684,1.2006,0.0568,1.6272,1.0854,0.0741,1.8313,1.277,0.0633,1.5705,1.1652,1.1033,1.5295,1.2324,1.3494,1.6116,1.226,1.0608,1.5605,1.2688,-0.1936,1.9207,1.2692,-0.1831,1.6256,1.1432,0.1217,1.8637,1.3011
,1.3162,1.5684,1.2006,0.0741,1.8313,1.277,1.261,1.5782,1.1082,1.0889,1.5802,1.164,1.2955,1.6231,1.1346,1.1064,1.3764,0.9899,1.1297,1.551,1.1269,1.1414,1.4209,1.0161,0.0819,1.8733,1.1959,-0.1582,1.8717,1.2537,0.0741,1.8313,1.277,1.1064,1.3764,0.9899,1.3312,1.3654,1.0278,1.1053,1.3316,1.0669,-0.1831,1.6256,1.1432,0.0568,1.6272,1.0854,0.0633,1.5705,1.1652
,1.1053,1.3316,1.0669,1.0889,1.5802,1.164,1.1064,1.3764,0.9899,1.3162,1.5684,1.2006,1.0889,1.5802,1.164,1.1033,1.5295,1.2324,-0.1582,1.8717,1.2537,-0.1702,1.6603,1.063,-0.1831,1.6256,1.1432,-0.1452,1.9064,1.1736,-0.1245,1.6993,1.0872,-0.1702,1.6603,1.063,0.0568,1.6272,1.0854,0.0359,1.8345,1.1717,0.0819,1.8733,1.1959,1.2721,1.4488,0.9973,1.3129,1.4196,0.9602
,0.0198,1.6779,1.1015,-0.5367,0.3414,1.2341,-0.6501,0.4098,1.3623,-0.5403,0.3639,1.3726,1.7494,0.0468,0.9701,1.8574,0.1036,1.0991,1.8494,0.0924,0.9606,1.4142,1.857,0.0486,1.6426,1.5383,0.0691,1.6288,1.7959,0.1044,1.5321,1.4187,0.5686,1.4346,1.822,0.357,1.6288,1.7959,0.1044,1.6435,1.5705,0.1179,1.6334,1.753,0.1439,1.4345,1.4715,-0.0029,1.6871,1.5059,0.458
,1.6426,1.5383,0.0691,1.6288,1.7959,0.1044,1.4346,1.822,0.357,1.4142,1.857,0.0486,1.6871,1.5059,0.458,1.4346,1.822,0.357,1.6413,1.7687,0.3146,1.4634,1.7412,0.1545,1.6435,1.5705,0.1179,1.4716,1.5555,0.1312,1.6715,1.5457,0.3975,1.6413,1.7687,0.3146,1.6425,1.7349,0.2928,1.6426,1.5383,0.0691,1.4679,1.6948,0.1973,1.4716,1.5555,0.1312,1.4725,1.5901,0.1842
,1.4716,1.5555,0.1312,1.6715,1.5457,0.3975,1.4924,1.5232,0.418,1.4634,1.7412,0.1545,1.6425,1.7349,0.2928,1.6334,1.753,0.1439,1.6715,1.5457,0.3975,1.4717,1.7228,0.3038,1.4924,1.5232,0.418,1.4717,1.7228,0.3038,1.4634,1.7412,0.1545,1.4817,1.5699,0.3481,1.4726,1.6844,0.2816,2.1224,1.632,0.1485,2.3593,1.9856,0.0393,2.1331,1.6122,0.2289,0.3774,2.8227,0.8422
,-0.1581,2.8924,0.8195,0.3685,2.9578,0.8433,-0.1581,2.8924,0.8195,0.3685,2.9578,0.8433,-0.1581,2.8924,0.8195,-0.1481,2.7717,0.8059,-0.3972,2.3787,-0.9005,-0.4277,1.5323,-0.1369,-0.434,1.498,-0.8346,0.5212,1.3551,-0.0742,0.5406,2.8225,-0.8564,0.5186,2.9711,-0.9531,0.459,2.8023,-0.8703,0.5212,1.3551,-0.0742,0.5701,1.409,-0.9647,0.6184,1.3603,-0.0798,0.5651,1.3202,-1.103
,0.5186,2.9711,-0.9531,1.4215,2.1348,-0.0286,1.3522,2.6798,-0.3135,1.4215,2.1348,-0.0286,1.7219,2.6878,-0.1975,1.3522,2.6798,-0.3135,1.396,2.2238,-0.3782,1.6603,2.621,-0.1188,1.7611,2.2716,-0.1712,1.7319,2.6266,-0.1234,0.781,1.9733,-1.0528,-0.124,1.6981,-1.3367,1.0398,2.0144,-1.3503,1.0762,1.6709,-1.2219,0.1775,1.3955,-1.1456,0.7564,1.981,-1.3323,0.7564,1.981,-1.3323
,-0.1289,1.3995,-1.0463,0.1857,1.6934,-1.3392,1.0096,1.9989,-1.2486,0.1455,1.6517,-1.3141,0.797,1.9442,-1.3179,-0.0844,1.6568,-1.3119,1.0341,1.7148,-1.2369,0.1435,1.4683,-1.0952,0.7979,1.9804,-1.2349,0.7979,1.9804,-1.2349,-0.0891,1.4267,-1.1672,-0.1148,0.0578,-1.2276,1.0071,0.408,-1.6042,1.6198,1.58,-0.3,1.3835,1.9239,-0.4838,1.3789,1.5954,-0.8341,1.5956,1.867,-0.4758
,1.5956,1.867,-0.4758,1.4458,1.6122,-0.33,1.5984,1.8272,-0.4647,1.5972,1.6659,-0.6314,1.5984,1.8272,-0.4647,1.5984,1.8272,-0.4647,1.432,1.7737,-0.4439,-0.1986,2.7168,-0.906,-0.212,2.8474,-0.9128,0.316,2.9862,-0.8436,-0.1986,2.7168,-0.906,0.4917,2.8689,0.0482,0.5383,2.6801,0.9569,0.6256,2.6688,0.973,0.5212,1.3551,-0.0742,0.5356,1.2685,0.9113,0.6184,1.3603,-0.0798
,0.6184,1.3603,-0.0798,1.6194,1.2794,0.6693,0.7274,1.0999,0.9874,1.4261,2.694,0.9946,1.3368,2.9529,0.0912,1.3959,2.5877,0.3952,1.4215,2.1348,-0.0286,1.3742,2.6334,0.0408,1.438,2.1364,0.329,1.778,2.2388,0.0929,1.6787,2.5868,0.1457,-0.1936,1.9207,1.2692,1.3494,1.6116,1.226,1.3433,1.359,0.9079,1.3312,1.3654,1.0278,1.3672,1.3376,0.9945,-0.2268,1.5876,1.1199
,1.0342,1.3169,0.9605,1.3494,1.6116,1.226,-0.1936,1.9207,1.2692,0.1217,1.8637,1.3011,1.3129,1.4196,0.9602,0.0819,1.8733,1.1959,-0.1582,1.8717,1.2537,-0.1452,1.9064,1.1736,1.3129,1.4196,0.9602,-0.1702,1.6603,1.063,1.1033,1.5295,1.2324,1.2955,1.6231,1.1346,-0.1452,1.9064,1.1736,-0.1084,1.8555,1.1575,-0.6465,0.3873,1.2238,1.7573,0.0581,1.1086,1.4345,1.4715,-0.0029
,1.5321,1.4187,0.5686,1.6413,1.7687,0.3146,1.5321,1.4187,0.5686,1.6334,1.753,0.1439,1.6871,1.5059,0.458,1.6435,1.5705,0.1179,1.4717,1.7228,0.3038,1.6425,1.7349,0.2928,1.4924,1.5232,0.418,-0.1481,2.7717,0.8059,0.3685,2.9578,0.8433,0.3774,2.8227,0.8422,-0.3873,2.5303,-0.1496,0.478,1.3758,-0.9526,0.5209,1.2212,-0.0767,0.5212,1.3551,-0.0742,0.4917,2.8689,0.0482
,0.459,2.8023,-0.8703,0.4714,2.7463,0.0754,-0.3455,2.8913,-0.0578,-0.1986,2.7168,-0.906,-0.1724,2.8601,-0.0474,-0.5914,1.3427,-0.9374,-0.3795,2.648,-1.1343,-0.5504,2.5107,-1.0215,0.4703,2.9171,-1.0081,0.4776,1.2335,-1.0767,-0.4228,1.1678,-1.0359,0.5209,1.2212,-0.0767,0.4776,1.2335,-1.0767,0.4776,1.2335,-1.0767,0.2548,1.8927,-1.0564,0.2511,1.3451,-1.0562,0.4703,2.9171,-1.0081
,-0.2106,1.3124,-1.0418,-0.4228,1.1678,-1.0359,-0.1969,1.8651,-1.0622,-0.1206,1.7648,-1.0615,0.1839,1.7751,-1.0602,0.1773,1.4151,-1.0522,-0.1289,1.3995,-1.0463,-0.0649,1.16,-1.5243,-0.2099,0.6714,-1.3157,-0.2026,1.0741,-1.7797,0.8607,1.495,-1.6149,1.1042,1.4672,-1.8999,0.9952,1.509,-1.6237,1.1969,0.967,-1.4216,1.0205,0.3721,-1.4705,0.7716,1.3017,-1.4124,-0.2026,1.0741,-1.7797
,0.0053,0.0707,-1.3668,0.2091,1.0525,-1.7816,0.0815,1.1533,-1.525,0.2077,0.9931,-1.3003,0.082,1.1381,-1.3532,0.9952,1.509,-1.6237,1.1969,0.967,-1.4216,1.0133,1.4386,-1.457,0.0815,1.1533,-1.525,-0.2026,1.0741,-1.7797,0.2091,1.0525,-1.7816,1.0133,1.4386,-1.457,0.8757,1.4533,-1.45,-0.0645,1.1288,-1.3525,0.2077,0.9931,-1.3003,-0.2099,0.6714,-1.3157,0.7716,1.3017,-1.4124
,0.8607,1.495,-1.6149,0.8757,1.4533,-1.45,0.0044,0.0507,-1.2279,-0.1148,0.0578,-1.2276,1.0071,0.408,-1.6042,0.7716,1.3017,-1.4124,1.0205,0.3721,-1.4705,1.1042,1.4672,-1.8999,1.0071,0.408,-1.6042,1.1163,0.4217,-1.6116,-0.1139,0.0778,-1.3665,0.2077,0.9931,-1.3003,0.0053,0.0707,-1.3668,0.0044,0.0507,-1.2279,1.1163,0.4217,-1.6116,1.1298,0.3857,-1.4778,0.4703,2.9171,-1.0081
,0.3176,2.8667,-0.8274,0.4917,2.8689,0.0482,0.3274,2.8442,0.0314,-0.5855,1.3886,-0.0202,-0.5306,2.5412,-0.1623,-0.5225,2.7171,-0.0582,-0.417,1.2167,-0.0155,-0.5914,1.3427,-0.9374,-0.5855,1.3886,-0.0202,-0.5504,2.5107,-1.0215,-0.5225,2.7171,-0.0582,0.5209,1.2212,-0.0767,0.5356,1.2685,0.9113,0.5212,1.3551,-0.0742,0.4917,2.8689,0.0482,0.5383,2.6801,0.9569,0.551,2.8199,1.0647
,-0.1481,2.7717,0.8059,-0.3299,2.7583,1.0013,-0.3299,2.7583,1.0013,-0.6652,1.5311,0.8913,-0.513,2.643,0.8712,0.5024,1.1641,1.0475,0.5024,1.1641,1.0475,-0.531,1.3701,1.0238,0.5024,1.1641,1.0475,0.2731,1.9125,1.0304,0.551,2.8199,1.0647,-0.531,1.3701,1.0238,0.226,1.3676,1.056,-0.2109,2.008,0.9849,-0.2139,1.5767,1.0266,-0.2999,1.4886,1.0286,0.126,1.4977,1.0523
